1   2     45  20180104    129.75     40.18  11 8  3003                  1050                390620
2   44.5 1    7.9900 1   34.0690 1
2   45.9 1    7.7400 1   34.0690 1
2   46.7 1    7.4900 1   34.0690 1
2   47.5 1    7.2400 1   34.0690 1
2   48.9 1    6.9900 1   34.0690 1
2   49.8 1    6.7400 1   34.0690 1
2   51.5 1    6.5900 1   34.0690 1
2   53.4 1    6.3900 1   34.0680 1
2   55.7 1    6.1900 1   34.0680 1
2   56.3 1    5.9900 1   34.0680 1
2   58.0 1    5.7900 1   34.0670 1
2   61.0 1    5.5900 1   34.0660 1
2   63.8 1    5.3900 1   34.0650 1
2   66.7 1    5.1900 1   34.0650 1
2   68.9 1    4.9700 1   34.0640 1
2   70.7 1    4.7900 1   34.0630 1
2   73.7 1    4.5900 1   34.0620 1
2   75.5 1    4.3900 1   34.0610 1
2   79.2 1    4.1900 1   34.0590 1
2   82.6 1    3.9900 1   34.0560 1
2   83.4 1    3.8100 1   34.0540 1
2   85.4 1    3.6900 1   34.0530 1
2   87.9 1    3.5400 1   34.0520 1
2   90.3 1    3.3900 1   34.0500 1
2   93.3 1    3.2400 1   34.0440 1
2   96.3 1    3.0900 1   34.0440 1
2   99.7 1    2.9400 1   34.0430 1
2  102.6 1    2.7900 1   34.0400 1
2  104.9 1    2.6400 1   34.0370 1
2  107.1 1    2.4800 1   34.0350 1
2  111.0 1    2.3400 1   34.0330 1
2  113.9 1    2.1900 1   34.0280 1
2  118.1 1    2.0400 1   34.0260 1
2  122.4 1    1.9400 1   34.0230 1
2  126.1 1    1.8400 1   34.0210 1
2  132.1 1    1.7400 1   34.0190 1
2  140.3 1    1.6400 1   34.0150 1
2  153.7 1    1.5400 1   34.0090 1
2  169.3 1    1.4400 1   34.0000 1
2  198.7 1    1.3400 1   33.9920 1
2  234.8 1    1.2400 1   33.9840 1
2  383.7 1    1.1400 1   33.9790 1
2  516.3 1    1.0400 1   34.0060 1
2  585.5 1    0.9100 1   34.0450 1
2  737.6 1    0.8400 1   34.0730 1
1   2     49  20180111    129.62     40.27  11 8  3003                  1050                395757
2   49.2 1    7.9900 1   34.0690 1
2   49.7 1    7.7400 1   34.0690 1
2   50.8 1    7.4900 1   34.0680 1
2   52.4 1    7.2400 1   34.0690 1
2   53.3 1    6.9900 1   34.0680 1
2   55.0 1    6.7900 1   34.0680 1
2   56.5 1    6.5900 1   34.0670 1
2   58.5 1    6.3900 1   34.0670 1
2   60.5 1    6.1900 1   34.0670 1
2   62.8 1    5.9600 1   34.0670 1
2   64.1 1    5.7900 1   34.0670 1
2   65.7 1    5.5900 1   34.0660 1
2   66.7 1    5.3900 1   34.0660 1
2   67.5 1    5.1900 1   34.0640 1
2   70.5 1    4.9900 1   34.0640 1
2   72.8 1    4.7900 1   34.0620 1
2   74.7 1    4.5900 1   34.0610 1
2   76.6 1    4.3900 1   34.0580 1
2   79.1 1    4.1900 1   34.0560 1
2   82.5 1    3.9900 1   34.0550 1
2   85.9 1    3.8100 1   34.0510 1
2   88.0 1    3.6900 1   34.0490 1
2   90.2 1    3.5500 1   34.0480 1
2   93.1 1    3.3900 1   34.0460 1
2   95.6 1    3.2400 1   34.0440 1
2   98.3 1    3.0900 1   34.0420 1
2  104.3 1    2.9400 1   34.0400 1
2  109.8 1    2.7900 1   34.0360 1
2  112.7 1    2.5900 1   34.0340 1
2  117.5 1    2.5000 1   34.0320 1
2  121.9 1    2.3500 1   34.0280 1
2  127.2 1    2.1900 1   34.0240 1
2  130.6 1    2.0400 1   34.0200 1
2  136.7 1    1.9400 1   34.0170 1
2  141.9 1    1.8400 1   34.0120 1
2  157.2 1    1.7400 1   34.0090 1
2  173.1 1    1.6400 1   34.0000 1
2  203.8 1    1.5400 1   33.9930 1
2  212.3 1    1.4400 1   33.9870 1
2  223.0 1    1.3400 1   33.9890 1
2  290.3 1    1.2400 1   33.9890 1
2  338.8 1    1.1400 1   33.9950 1
2  409.7 1    1.0400 1   34.0090 1
2  519.7 1    0.9400 1   34.0180 1
2  732.3 1    0.8400 1   34.0080 1
2  793.6 1    0.4300 1   34.1240 1
2  793.9 1    0.3400 4   34.1230 1
2  794.0 1    0.5200 4   34.1250 1
2  794.3 1    0.6400 4   34.1200 1
1   2     49  20180118    129.27     40.12  11 8  3003                  1050                396424
2   46.8 1    7.9900 1   34.0690 1
2   49.3 1    7.7400 1   34.0690 1
2   50.7 1    7.4900 1   34.0680 1
2   52.8 1    7.2400 1   34.0680 1
2   53.6 1    6.9900 1   34.0680 1
2   55.0 1    6.7900 1   34.0680 1
2   57.1 1    6.5900 1   34.0680 1
2   58.9 1    6.3900 1   34.0680 1
2   61.2 1    6.1900 1   34.0670 1
2   63.8 1    5.9900 1   34.0660 1
2   65.1 1    5.8000 1   34.0650 1
2   67.5 1    5.5900 1   34.0650 1
2   69.3 1    5.3900 1   34.0640 1
2   72.6 1    5.1900 1   34.0630 1
2   75.2 1    4.9900 1   34.0620 1
2   77.8 1    4.7900 1   34.0610 1
2   78.8 1    4.5900 1   34.0580 1
2   80.5 1    4.3900 1   34.0570 1
2   82.8 1    4.1900 1   34.0550 1
2   84.8 1    3.9600 1   34.0530 1
2   86.8 1    3.8400 1   34.0510 1
2   89.0 1    3.6900 1   34.0490 1
2   90.8 1    3.5400 1   34.0470 1
2   92.2 1    3.4000 1   34.0460 1
2   95.6 1    3.2400 1   34.0450 1
2   96.8 1    3.0900 1   34.0420 1
2  100.3 1    2.9400 1   34.0410 1
2  105.9 1    2.7900 1   34.0390 1
2  111.5 1    2.6400 1   34.0360 1
2  115.0 1    2.4900 1   34.0330 1
2  119.3 1    2.3500 1   34.0290 1
2  122.5 1    2.1900 1   34.0270 1
2  125.4 1    2.0500 1   34.0230 1
2  132.3 1    1.9500 1   34.0190 1
2  139.2 1    1.8400 1   34.0170 1
2  150.2 1    1.7400 1   34.0100 1
2  154.6 1    1.6400 1   34.0030 1
2  166.5 1    1.5400 1   34.0030 1
2  178.7 1    1.4400 1   33.9960 1
2  200.6 1    1.3500 1   33.9920 1
2  217.4 1    1.2500 1   33.9850 1
2  218.6 1    1.1400 1   33.9830 1
2  238.4 1    1.0400 1   33.9830 1
2  266.8 1    0.9400 1   33.9790 1
2  352.3 1    0.8500 1   33.9790 1
2  391.8 1    0.7400 1   33.9750 1
2  512.1 1    0.6100 1   33.9950 1
2  629.8 1    0.5300 1   34.0670 1
2  688.6 1    0.4400 1   34.1360 1
